!: 
1, 3, 1, 4, 2, 3, 2, 4, 3, 3, 3, 4, 4, 3, 4, 4, 6, 3, 6, 4, 

": 
1, 1, 1, 2, 1, 5, 1, 6, 2, 1, 2, 2, 2, 5, 2, 6, 3, 1, 3, 2, 3, 5, 3, 6, 

#: 
1, 1, 1, 2, 1, 5, 1, 6, 2, 0, 2, 1, 2, 2, 2, 3, 2, 4, 2, 5, 2, 6, 2, 7, 3, 1, 3, 2, 3, 5, 3, 6, 4, 1, 4, 2, 4, 5, 4, 6, 5, 0, 5, 1, 5, 2, 5, 3, 5, 4, 5, 5, 5, 6, 5, 7, 6, 1, 6, 2, 6, 5, 6, 6, 

$: 
0, 3, 0, 4, 1, 2, 1, 3, 1, 4, 1, 5, 1, 6, 2, 1, 2, 2, 3, 2, 3, 3, 3, 4, 3, 5, 4, 5, 4, 6, 5, 1, 5, 2, 5, 3, 5, 4, 5, 5, 6, 3, 6, 4, 

%: 
1, 1, 1, 2, 1, 5, 1, 6, 2, 1, 2, 2, 2, 4, 2, 5, 3, 3, 3, 4, 4, 2, 4, 3, 5, 1, 5, 2, 5, 5, 5, 6, 6, 1, 6, 5, 6, 6, 

&: 
0, 3, 0, 4, 0, 5, 1, 2, 1, 3, 1, 5, 1, 6, 2, 3, 2, 4, 2, 5, 3, 2, 3, 3, 3, 4, 4, 1, 4, 2, 4, 4, 4, 5, 4, 6, 4, 7, 5, 1, 5, 2, 5, 5, 5, 6, 6, 2, 6, 3, 6, 4, 6, 6, 6, 7, 

': 
1, 3, 1, 4, 2, 3, 2, 4, 3, 3, 3, 4, 

(: 
1, 4, 1, 5, 1, 6, 2, 3, 2, 4, 2, 5, 3, 3, 3, 4, 4, 3, 4, 4, 5, 3, 5, 4, 5, 5, 6, 4, 6, 5, 6, 6, 

): 
1, 1, 1, 2, 1, 3, 2, 2, 2, 3, 2, 4, 3, 3, 3, 4, 4, 3, 4, 4, 5, 2, 5, 3, 5, 4, 6, 1, 6, 2, 6, 3, 

*: 
1, 1, 1, 2, 1, 5, 1, 6, 2, 2, 2, 3, 2, 4, 2, 5, 3, 0, 3, 1, 3, 2, 3, 3, 3, 4, 3, 5, 3, 6, 3, 7, 4, 2, 4, 3, 4, 4, 4, 5, 5, 1, 5, 2, 5, 5, 5, 6, 

+: 
1, 3, 1, 4, 2, 3, 2, 4, 3, 1, 3, 2, 3, 3, 3, 4, 3, 5, 3, 6, 4, 3, 4, 4, 5, 3, 5, 4, 

,: 
5, 3, 5, 4, 6, 3, 6, 4, 7, 2, 7, 3, 

-: 
3, 1, 3, 2, 3, 3, 3, 4, 3, 5, 3, 6, 

.: 
5, 3, 5, 4, 6, 3, 6, 4, 

/: 
1, 5, 1, 6, 2, 4, 2, 5, 3, 3, 3, 4, 4, 2, 4, 3, 5, 1, 5, 2, 6, 1, 

0: 
1, 2, 1, 3, 1, 4, 1, 5, 2, 1, 2, 2, 2, 5, 2, 6, 3, 1, 3, 2, 3, 4, 3, 5, 3, 6, 4, 1, 4, 2, 4, 3, 4, 5, 4, 6, 5, 1, 5, 2, 5, 5, 5, 6, 6, 2, 6, 3, 6, 4, 6, 5, 

1: 
1, 3, 1, 4, 2, 2, 2, 3, 2, 4, 3, 3, 3, 4, 4, 3, 4, 4, 5, 3, 5, 4, 6, 1, 6, 2, 6, 3, 6, 4, 6, 5, 6, 6, 

2: 
1, 2, 1, 3, 1, 4, 1, 5, 2, 1, 2, 2, 2, 5, 2, 6, 3, 4, 3, 5, 4, 3, 4, 4, 5, 2, 5, 3, 6, 1, 6, 2, 6, 3, 6, 4, 6, 5, 6, 6, 

3: 
1, 1, 1, 2, 1, 3, 1, 4, 1, 5, 1, 6, 2, 4, 2, 5, 3, 3, 3, 4, 4, 4, 4, 5, 5, 1, 5, 2, 5, 5, 5, 6, 6, 2, 6, 3, 6, 4, 6, 5, 

4: 
1, 4, 1, 5, 2, 3, 2, 4, 2, 5, 3, 2, 3, 3, 3, 4, 3, 5, 4, 1, 4, 2, 4, 4, 4, 5, 5, 1, 5, 2, 5, 3, 5, 4, 5, 5, 5, 6, 6, 4, 6, 5, 

5: 
1, 1, 1, 2, 1, 3, 1, 4, 1, 5, 1, 6, 2, 1, 2, 2, 3, 1, 3, 2, 3, 3, 3, 4, 3, 5, 4, 5, 4, 6, 5, 1, 5, 2, 5, 5, 5, 6, 6, 2, 6, 3, 6, 4, 6, 5, 

6: 
1, 2, 1, 3, 1, 4, 1, 5, 2, 1, 2, 2, 3, 1, 3, 2, 3, 3, 3, 4, 3, 5, 4, 1, 4, 2, 4, 5, 4, 6, 5, 1, 5, 2, 5, 5, 5, 6, 6, 2, 6, 3, 6, 4, 6, 5, 

7: 
1, 1, 1, 2, 1, 3, 1, 4, 1, 5, 1, 6, 2, 5, 2, 6, 3, 4, 3, 5, 4, 3, 4, 4, 5, 2, 5, 3, 6, 2, 6, 3, 

8: 
1, 2, 1, 3, 1, 4, 1, 5, 2, 1, 2, 2, 2, 5, 2, 6, 3, 2, 3, 3, 3, 4, 3, 5, 4, 1, 4, 2, 4, 5, 4, 6, 5, 1, 5, 2, 5, 5, 5, 6, 6, 2, 6, 3, 6, 4, 6, 5, 

9: 
1, 2, 1, 3, 1, 4, 1, 5, 2, 1, 2, 2, 2, 5, 2, 6, 3, 2, 3, 3, 3, 4, 3, 5, 3, 6, 4, 5, 4, 6, 5, 4, 5, 5, 6, 2, 6, 3, 6, 4, 

:: 
2, 3, 2, 4, 3, 3, 3, 4, 5, 3, 5, 4, 6, 3, 6, 4, 

;: 
2, 3, 2, 4, 3, 3, 3, 4, 5, 3, 5, 4, 6, 3, 6, 4, 7, 2, 7, 3, 

<: 
0, 5, 0, 6, 1, 4, 1, 5, 2, 3, 2, 4, 3, 2, 3, 3, 4, 3, 4, 4, 5, 4, 5, 5, 6, 5, 6, 6, 

=: 
2, 1, 2, 2, 2, 3, 2, 4, 2, 5, 2, 6, 5, 1, 5, 2, 5, 3, 5, 4, 5, 5, 5, 6, 

>: 
0, 1, 0, 2, 1, 2, 1, 3, 2, 3, 2, 4, 3, 4, 3, 5, 4, 3, 4, 4, 5, 2, 5, 3, 6, 1, 6, 2, 

?: 
1, 2, 1, 3, 1, 4, 1, 5, 2, 1, 2, 2, 2, 5, 2, 6, 3, 4, 3, 5, 4, 3, 4, 4, 6, 3, 6, 4, 

@: 
1, 2, 1, 3, 1, 4, 1, 5, 2, 1, 2, 2, 2, 5, 2, 6, 3, 1, 3, 2, 3, 4, 3, 5, 3, 6, 4, 1, 4, 2, 4, 4, 4, 5, 4, 6, 5, 1, 5, 2, 6, 2, 6, 3, 6, 4, 6, 5, 6, 6, 

A: 
1, 3, 1, 4, 2, 2, 2, 3, 2, 4, 2, 5, 3, 1, 3, 2, 3, 5, 3, 6, 4, 1, 4, 2, 4, 5, 4, 6, 5, 1, 5, 2, 5, 3, 5, 4, 5, 5, 5, 6, 6, 1, 6, 2, 6, 5, 6, 6, 

B: 
1, 1, 1, 2, 1, 3, 1, 4, 1, 5, 2, 1, 2, 2, 2, 5, 2, 6, 3, 1, 3, 2, 3, 3, 3, 4, 3, 5, 4, 1, 4, 2, 4, 5, 4, 6, 5, 1, 5, 2, 5, 5, 5, 6, 6, 1, 6, 2, 6, 3, 6, 4, 6, 5, 

C: 
1, 2, 1, 3, 1, 4, 1, 5, 2, 1, 2, 2, 2, 5, 2, 6, 3, 1, 3, 2, 4, 1, 4, 2, 5, 1, 5, 2, 5, 5, 5, 6, 6, 2, 6, 3, 6, 4, 6, 5, 

D: 
1, 1, 1, 2, 1, 3, 1, 4, 2, 1, 2, 2, 2, 4, 2, 5, 3, 1, 3, 2, 3, 5, 3, 6, 4, 1, 4, 2, 4, 5, 4, 6, 5, 1, 5, 2, 5, 4, 5, 5, 6, 1, 6, 2, 6, 3, 6, 4, 

E: 
1, 1, 1, 2, 1, 3, 1, 4, 1, 5, 1, 6, 2, 1, 2, 2, 3, 1, 3, 2, 3, 3, 3, 4, 3, 5, 4, 1, 4, 2, 5, 1, 5, 2, 6, 1, 6, 2, 6, 3, 6, 4, 6, 5, 6, 6, 

F: 
1, 1, 1, 2, 1, 3, 1, 4, 1, 5, 1, 6, 2, 1, 2, 2, 3, 1, 3, 2, 3, 3, 3, 4, 3, 5, 4, 1, 4, 2, 5, 1, 5, 2, 6, 1, 6, 2, 

G: 
1, 2, 1, 3, 1, 4, 1, 5, 1, 6, 2, 1, 2, 2, 3, 1, 3, 2, 4, 1, 4, 2, 4, 4, 4, 5, 4, 6, 5, 1, 5, 2, 5, 5, 5, 6, 6, 2, 6, 3, 6, 4, 6, 5, 6, 6, 

H: 
1, 1, 1, 2, 1, 5, 1, 6, 2, 1, 2, 2, 2, 5, 2, 6, 3, 1, 3, 2, 3, 3, 3, 4, 3, 5, 3, 6, 4, 1, 4, 2, 4, 5, 4, 6, 5, 1, 5, 2, 5, 5, 5, 6, 6, 1, 6, 2, 6, 5, 6, 6, 

I: 
1, 1, 1, 2, 1, 3, 1, 4, 1, 5, 1, 6, 2, 3, 2, 4, 3, 3, 3, 4, 4, 3, 4, 4, 5, 3, 5, 4, 6, 1, 6, 2, 6, 3, 6, 4, 6, 5, 6, 6, 

J: 
1, 4, 1, 5, 1, 6, 2, 5, 2, 6, 3, 5, 3, 6, 4, 5, 4, 6, 5, 1, 5, 2, 5, 5, 5, 6, 6, 2, 6, 3, 6, 4, 6, 5, 

K: 
1, 1, 1, 2, 1, 5, 1, 6, 2, 1, 2, 2, 2, 4, 2, 5, 3, 1, 3, 2, 3, 3, 3, 4, 4, 1, 4, 2, 4, 3, 4, 4, 5, 1, 5, 2, 5, 4, 5, 5, 6, 1, 6, 2, 6, 5, 6, 6, 

L: 
1, 1, 1, 2, 2, 1, 2, 2, 3, 1, 3, 2, 4, 1, 4, 2, 5, 1, 5, 2, 6, 1, 6, 2, 6, 3, 6, 4, 6, 5, 6, 6, 

M: 
1, 1, 1, 2, 1, 6, 1, 7, 2, 1, 2, 2, 2, 3, 2, 5, 2, 6, 2, 7, 3, 1, 3, 2, 3, 3, 3, 4, 3, 5, 3, 6, 3, 7, 4, 1, 4, 2, 4, 4, 4, 6, 4, 7, 5, 1, 5, 2, 5, 6, 5, 7, 6, 1, 6, 2, 6, 6, 6, 7, 

N: 
1, 1, 1, 2, 1, 5, 1, 6, 2, 1, 2, 2, 2, 3, 2, 5, 2, 6, 3, 1, 3, 2, 3, 3, 3, 4, 3, 5, 3, 6, 4, 1, 4, 2, 4, 3, 4, 4, 4, 5, 4, 6, 5, 1, 5, 2, 5, 4, 5, 5, 5, 6, 6, 1, 6, 2, 6, 5, 6, 6, 

O: 
1, 2, 1, 3, 1, 4, 1, 5, 2, 1, 2, 2, 2, 5, 2, 6, 3, 1, 3, 2, 3, 5, 3, 6, 4, 1, 4, 2, 4, 5, 4, 6, 5, 1, 5, 2, 5, 5, 5, 6, 6, 2, 6, 3, 6, 4, 6, 5, 

P: 
1, 1, 1, 2, 1, 3, 1, 4, 1, 5, 2, 1, 2, 2, 2, 5, 2, 6, 3, 1, 3, 2, 3, 5, 3, 6, 4, 1, 4, 2, 4, 3, 4, 4, 4, 5, 5, 1, 5, 2, 6, 1, 6, 2, 

Q: 
1, 2, 1, 3, 1, 4, 1, 5, 2, 1, 2, 2, 2, 5, 2, 6, 3, 1, 3, 2, 3, 5, 3, 6, 4, 1, 4, 2, 4, 5, 4, 6, 5, 1, 5, 2, 5, 4, 5, 5, 6, 2, 6, 3, 6, 5, 6, 6, 

R: 
1, 1, 1, 2, 1, 3, 1, 4, 1, 5, 2, 1, 2, 2, 2, 5, 2, 6, 3, 1, 3, 2, 3, 5, 3, 6, 4, 1, 4, 2, 4, 3, 4, 4, 4, 5, 5, 1, 5, 2, 5, 4, 5, 5, 6, 1, 6, 2, 6, 5, 6, 6, 

S: 
1, 2, 1, 3, 1, 4, 1, 5, 2, 1, 2, 2, 3, 2, 3, 3, 3, 4, 3, 5, 4, 5, 4, 6, 5, 5, 5, 6, 6, 2, 6, 3, 6, 4, 6, 5, 

T: 
1, 1, 1, 2, 1, 3, 1, 4, 1, 5, 1, 6, 2, 3, 2, 4, 3, 3, 3, 4, 4, 3, 4, 4, 5, 3, 5, 4, 6, 3, 6, 4, 

U: 
1, 1, 1, 2, 1, 5, 1, 6, 2, 1, 2, 2, 2, 5, 2, 6, 3, 1, 3, 2, 3, 5, 3, 6, 4, 1, 4, 2, 4, 5, 4, 6, 5, 1, 5, 2, 5, 5, 5, 6, 6, 1, 6, 2, 6, 3, 6, 4, 6, 5, 6, 6, 

V: 
1, 1, 1, 2, 1, 5, 1, 6, 2, 1, 2, 2, 2, 5, 2, 6, 3, 1, 3, 2, 3, 5, 3, 6, 4, 1, 4, 2, 4, 5, 4, 6, 5, 2, 5, 3, 5, 4, 5, 5, 6, 3, 6, 4, 

W: 
1, 1, 1, 2, 1, 6, 1, 7, 2, 1, 2, 2, 2, 6, 2, 7, 3, 1, 3, 2, 3, 4, 3, 6, 3, 7, 4, 1, 4, 2, 4, 3, 4, 4, 4, 5, 4, 6, 4, 7, 5, 1, 5, 2, 5, 3, 5, 5, 5, 6, 5, 7, 6, 1, 6, 2, 6, 6, 6, 7, 

X: 
1, 1, 1, 2, 1, 5, 1, 6, 2, 1, 2, 2, 2, 5, 2, 6, 3, 2, 3, 3, 3, 4, 3, 5, 4, 2, 4, 3, 4, 4, 4, 5, 5, 1, 5, 2, 5, 5, 5, 6, 6, 1, 6, 2, 6, 5, 6, 6, 

Y: 
1, 1, 1, 2, 1, 5, 1, 6, 2, 1, 2, 2, 2, 5, 2, 6, 3, 2, 3, 3, 3, 4, 3, 5, 4, 3, 4, 4, 5, 3, 5, 4, 6, 3, 6, 4, 

Z: 
1, 1, 1, 2, 1, 3, 1, 4, 1, 5, 1, 6, 2, 4, 2, 5, 3, 3, 3, 4, 4, 2, 4, 3, 5, 1, 5, 2, 6, 1, 6, 2, 6, 3, 6, 4, 6, 5, 6, 6, 

[: 
1, 3, 1, 4, 1, 5, 1, 6, 2, 3, 2, 4, 3, 3, 3, 4, 4, 3, 4, 4, 5, 3, 5, 4, 6, 3, 6, 4, 6, 5, 6, 6, 

\: 
1, 1, 2, 1, 2, 2, 3, 2, 3, 3, 4, 3, 4, 4, 5, 4, 5, 5, 6, 5, 6, 6, 

]: 
1, 1, 1, 2, 1, 3, 1, 4, 2, 3, 2, 4, 3, 3, 3, 4, 4, 3, 4, 4, 5, 3, 5, 4, 6, 1, 6, 2, 6, 3, 6, 4, 

^: 
1, 4, 2, 3, 2, 4, 2, 5, 3, 2, 3, 3, 3, 5, 3, 6, 4, 1, 4, 2, 4, 6, 4, 7, 

_: 
6, 0, 6, 1, 6, 2, 6, 3, 6, 4, 6, 5, 6, 6, 6, 7, 

a: 
2, 2, 2, 3, 2, 4, 2, 5, 3, 5, 3, 6, 4, 2, 4, 3, 4, 4, 4, 5, 4, 6, 5, 1, 5, 2, 5, 5, 5, 6, 6, 2, 6, 3, 6, 4, 6, 5, 6, 6, 

b: 
1, 1, 1, 2, 2, 1, 2, 2, 3, 1, 3, 2, 3, 3, 3, 4, 3, 5, 4, 1, 4, 2, 4, 5, 4, 6, 5, 1, 5, 2, 5, 5, 5, 6, 6, 1, 6, 2, 6, 3, 6, 4, 6, 5, 

c: 
2, 2, 2, 3, 2, 4, 2, 5, 3, 1, 3, 2, 4, 1, 4, 2, 5, 1, 5, 2, 6, 2, 6, 3, 6, 4, 6, 5, 

d: 
1, 5, 1, 6, 2, 5, 2, 6, 3, 2, 3, 3, 3, 4, 3, 5, 3, 6, 4, 1, 4, 2, 4, 5, 4, 6, 5, 1, 5, 2, 5, 5, 5, 6, 6, 2, 6, 3, 6, 4, 6, 5, 6, 6, 

e: 
2, 2, 2, 3, 2, 4, 2, 5, 3, 1, 3, 2, 3, 5, 3, 6, 4, 1, 4, 2, 4, 3, 4, 4, 4, 5, 4, 6, 5, 1, 5, 2, 6, 2, 6, 3, 6, 4, 6, 5, 

f: 
1, 4, 1, 5, 1, 6, 2, 3, 2, 4, 3, 2, 3, 3, 3, 4, 3, 5, 3, 6, 4, 3, 4, 4, 5, 3, 5, 4, 6, 3, 6, 4, 

g: 
2, 2, 2, 3, 2, 4, 2, 5, 2, 6, 3, 1, 3, 2, 3, 5, 3, 6, 4, 1, 4, 2, 4, 5, 4, 6, 5, 2, 5, 3, 5, 4, 5, 5, 5, 6, 6, 5, 6, 6, 7, 1, 7, 2, 7, 3, 7, 4, 7, 5, 

h: 
1, 1, 1, 2, 2, 1, 2, 2, 3, 1, 3, 2, 3, 3, 3, 4, 3, 5, 4, 1, 4, 2, 4, 5, 4, 6, 5, 1, 5, 2, 5, 5, 5, 6, 6, 1, 6, 2, 6, 5, 6, 6, 

i: 
1, 3, 1, 4, 3, 2, 3, 3, 3, 4, 4, 3, 4, 4, 5, 3, 5, 4, 6, 2, 6, 3, 6, 4, 6, 5, 

j: 
1, 5, 1, 6, 3, 5, 3, 6, 4, 5, 4, 6, 5, 5, 5, 6, 6, 5, 6, 6, 7, 2, 7, 3, 7, 4, 7, 5, 

k: 
1, 1, 1, 2, 2, 1, 2, 2, 3, 1, 3, 2, 3, 4, 3, 5, 4, 1, 4, 2, 4, 3, 4, 4, 5, 1, 5, 2, 5, 4, 5, 5, 6, 1, 6, 2, 6, 5, 6, 6, 

l: 
1, 2, 1, 3, 1, 4, 2, 3, 2, 4, 3, 3, 3, 4, 4, 3, 4, 4, 5, 3, 5, 4, 6, 2, 6, 3, 6, 4, 6, 5, 

m: 
2, 1, 2, 2, 2, 5, 2, 6, 3, 1, 3, 2, 3, 3, 3, 4, 3, 5, 3, 6, 3, 7, 4, 1, 4, 2, 4, 3, 4, 4, 4, 5, 4, 6, 4, 7, 5, 1, 5, 2, 5, 4, 5, 6, 5, 7, 6, 1, 6, 2, 6, 6, 6, 7, 

n: 
2, 1, 2, 2, 2, 3, 2, 4, 2, 5, 3, 1, 3, 2, 3, 5, 3, 6, 4, 1, 4, 2, 4, 5, 4, 6, 5, 1, 5, 2, 5, 5, 5, 6, 6, 1, 6, 2, 6, 5, 6, 6, 

o: 
2, 2, 2, 3, 2, 4, 2, 5, 3, 1, 3, 2, 3, 5, 3, 6, 4, 1, 4, 2, 4, 5, 4, 6, 5, 1, 5, 2, 5, 5, 5, 6, 6, 2, 6, 3, 6, 4, 6, 5, 

p: 
2, 1, 2, 2, 2, 3, 2, 4, 2, 5, 3, 1, 3, 2, 3, 5, 3, 6, 4, 1, 4, 2, 4, 5, 4, 6, 5, 1, 5, 2, 5, 3, 5, 4, 5, 5, 6, 1, 6, 2, 7, 1, 7, 2, 

q: 
2, 2, 2, 3, 2, 4, 2, 5, 2, 6, 3, 1, 3, 2, 3, 5, 3, 6, 4, 1, 4, 2, 4, 5, 4, 6, 5, 2, 5, 3, 5, 4, 5, 5, 5, 6, 6, 5, 6, 6, 7, 5, 7, 6, 

r: 
2, 1, 2, 2, 2, 3, 2, 4, 2, 5, 3, 1, 3, 2, 3, 5, 3, 6, 4, 1, 4, 2, 5, 1, 5, 2, 6, 1, 6, 2, 

s: 
2, 2, 2, 3, 2, 4, 2, 5, 2, 6, 3, 1, 3, 2, 4, 2, 4, 3, 4, 4, 4, 5, 5, 5, 5, 6, 6, 1, 6, 2, 6, 3, 6, 4, 6, 5, 

t: 
1, 3, 1, 4, 2, 1, 2, 2, 2, 3, 2, 4, 2, 5, 2, 6, 3, 3, 3, 4, 4, 3, 4, 4, 5, 3, 5, 4, 6, 4, 6, 5, 6, 6, 

u: 
2, 1, 2, 2, 2, 5, 2, 6, 3, 1, 3, 2, 3, 5, 3, 6, 4, 1, 4, 2, 4, 5, 4, 6, 5, 1, 5, 2, 5, 5, 5, 6, 6, 2, 6, 3, 6, 4, 6, 5, 6, 6, 

v: 
2, 1, 2, 2, 2, 5, 2, 6, 3, 1, 3, 2, 3, 5, 3, 6, 4, 1, 4, 2, 4, 5, 4, 6, 5, 2, 5, 3, 5, 4, 5, 5, 6, 3, 6, 4, 

w: 
2, 1, 2, 2, 2, 6, 2, 7, 3, 1, 3, 2, 3, 4, 3, 6, 3, 7, 4, 1, 4, 2, 4, 3, 4, 4, 4, 5, 4, 6, 4, 7, 5, 2, 5, 3, 5, 4, 5, 5, 5, 6, 6, 2, 6, 3, 6, 5, 6, 6, 

x: 
2, 1, 2, 2, 2, 5, 2, 6, 3, 2, 3, 3, 3, 4, 3, 5, 4, 3, 4, 4, 5, 2, 5, 3, 5, 4, 5, 5, 6, 1, 6, 2, 6, 5, 6, 6, 

y: 
2, 1, 2, 2, 2, 5, 2, 6, 3, 1, 3, 2, 3, 5, 3, 6, 4, 1, 4, 2, 4, 5, 4, 6, 5, 2, 5, 3, 5, 4, 5, 5, 5, 6, 6, 4, 6, 5, 7, 1, 7, 2, 7, 3, 7, 4, 

z: 
2, 1, 2, 2, 2, 3, 2, 4, 2, 5, 2, 6, 3, 4, 3, 5, 4, 3, 4, 4, 5, 2, 5, 3, 6, 1, 6, 2, 6, 3, 6, 4, 6, 5, 6, 6, 

|: 
0, 3, 0, 4, 1, 3, 1, 4, 2, 3, 2, 4, 3, 3, 3, 4, 4, 3, 4, 4, 5, 3, 5, 4, 6, 3, 6, 4, 7, 3, 7, 4, 